prot1,prot2,distance
0,1,190.00
0,2,168.31
0,3,213.87
0,4,130.58
0,5,192.34
0,6,236.23
0,7,326.23
0,8,190.85
0,9,216.24
0,10,168.91
0,11,39.41
0,12,218.58
0,13,74.45
0,14,213.87
0,15,273.39
0,16,163.46
0,17,175.35
0,18,177.64
0,19,220.91
0,20,190.00
0,21,61.28
0,22,235.51
0,23,397.21
0,24,231.19
0,25,98.43
0,26,228.65
0,27,145.89
0,28,166.71
0,29,187.63
0,30,203.71
0,31,187.63
0,32,144.27
0,33,154.73
0,34,173.23
0,35,164.48
0,36,134.75
0,37,nan
0,38,182.81
0,39,201.73
0,40,213.87
0,41,286.06
0,42,182.81
0,43,74.45
0,44,199.23
0,45,175.35
0,46,216.24
0,47,286.06
0,48,218.29
0,49,238.37
0,50,211.49
0,51,184.35
0,52,187.63
0,53,273.39
0,54,182.14
0,55,179.53
0,56,93.99
0,57,216.24
0,58,55.33
0,59,211.49
0,60,118.61
0,61,184.35
0,62,190.00
0,63,187.63
0,64,199.23
0,65,17.68
0,66,273.39
0,67,164.48
0,68,154.73
0,69,148.02
0,70,170.69
0,71,246.83
0,72,211.49
0,73,238.37
0,74,154.73
0,75,310.39
0,76,144.27
0,77,170.69
0,78,199.23
0,79,257.91
0,80,37.00
0,81,216.24
0,82,326.23
0,83,159.06
0,84,231.19
0,85,70.99
0,86,310.39
0,87,124.40
0,88,185.23
0,89,93.99
0,90,213.87
0,91,17.68
0,92,177.64
0,93,209.08
0,94,216.24
0,95,199.23
0,96,397.21
0,97,180.35
0,98,196.96
0,99,149.99
1,0,190.00
1,2,151.93
1,3,257.91
1,4,145.72
1,5,145.89
1,6,279.72
1,7,282.89
1,8,168.91
1,9,318.24
1,10,177.64
1,11,143.72
1,12,206.65
1,13,137.04
1,14,96.66
1,15,159.06
1,16,169.41
1,17,177.64
1,18,17.68
1,19,213.87
1,20,143.72
1,21,220.91
1,22,196.96
1,23,322.22
1,24,85.69
1,25,145.72
1,26,137.18
1,27,196.96
1,28,32.35
1,29,213.87
1,30,209.08
1,31,199.23
1,32,231.19
1,33,49.72
1,34,148.02
1,35,175.35
1,36,37.00
1,37,282.89
1,38,257.91
1,39,55.33
1,40,148.02
1,41,194.66
1,42,203.71
1,43,152.21
1,44,78.05
1,45,184.35
1,46,233.72
1,47,194.66
1,48,228.65
1,49,255.16
1,50,257.91
1,51,124.40
1,52,231.19
1,53,199.23
1,54,177.64
1,55,207.57
1,56,196.96
1,57,118.80
1,58,135.67
1,59,175.35
1,60,129.09
1,61,216.24
1,62,196.96
1,63,252.39
1,64,184.35
1,65,184.35
1,66,199.23
1,67,390.53
1,68,64.41
1,69,137.18
1,70,203.71
1,71,nan
1,72,144.27
1,73,145.89
1,74,17.68
1,75,252.39
1,76,165.90
1,77,98.43
1,78,154.26
1,79,172.80
1,80,145.89
1,81,inf
1,82,236.23
1,83,166.71
1,84,209.08
1,85,194.66
1,86,282.89
1,87,213.87
1,88,156.29
1,89,182.14
1,90,98.43
1,91,148.02
1,92,154.26
1,93,74.45
1,94,122.56
1,95,226.09
1,96,282.89
1,97,246.83
1,98,213.87
1,99,213.87
2,0,168.31
2,1,151.93
2,3,70.99
2,4,232.64
2,5,159.06
2,6,252.39
2,7,231.19
2,8,213.87
2,9,196.96
2,10,179.53
2,11,179.91
2,12,165.34
2,13,213.87
2,14,211.49
2,15,236.23
2,16,184.35
2,17,190.85
2,18,179.53
2,19,158.29
2,20,167.39
2,21,263.85
2,22,182.14
2,23,249.62
2,24,186.54
2,25,168.31
2,26,34.65
2,27,194.66
2,28,203.71
2,29,252.39
2,30,186.54
2,31,199.23
2,32,279.72
2,33,186.54
2,34,184.35
2,35,216.24
2,36,137.18
2,37,204.20
2,38,52.48
2,39,107.98
2,40,182.14
2,41,246.83
2,42,34.65
2,43,216.24
2,44,186.54
2,45,190.00
2,46,231.19
2,47,318.24
2,48,194.66
2,49,164.48
2,50,85.69
2,51,58.26
2,52,162.23
2,53,175.35
2,54,154.73
2,55,354.63
2,56,252.39
2,57,175.35
2,58,276.55
2,59,113.15
2,60,156.91
2,61,166.71
2,62,173.23
2,63,171.08
2,64,194.66
2,65,168.91
2,66,201.48
2,67,199.23
2,68,213.87
2,69,17.68
2,70,17.68
2,71,196.96
2,72,41.88
2,73,255.16
2,74,144.27
2,75,175.35
2,76,298.79
2,77,78.05
2,78,196.96
2,79,182.14
2,80,231.19
2,81,177.87
2,82,137.18
2,83,145.89
2,84,279.72
2,85,175.35
2,86,397.21
2,87,196.96
2,88,184.35
2,89,206.65
2,90,194.66
2,91,145.72
2,92,228.65
2,93,98.43
2,94,196.96
2,95,171.08
2,96,177.64
2,97,182.14
2,98,204.20
2,99,213.87
3,0,213.87
3,1,257.91
3,2,70.99
3,4,249.62
3,5,203.71
3,6,255.16
3,7,154.73
3,8,220.91
3,9,390.53
3,10,130.58
3,11,213.87
3,12,182.14
3,13,244.02
3,14,226.09
3,15,190.85
3,16,397.21
3,17,130.58
3,18,175.35
3,19,78.05
3,20,89.75
3,21,226.09
3,22,279.72
3,23,273.39
3,24,177.64
3,25,371.81
3,26,93.99
3,27,384.09
3,28,148.02
3,29,187.63
3,30,314.30
3,31,169.41
3,32,384.09
3,33,154.73
3,34,180.35
3,35,nan
3,36,236.23
3,37,209.08
3,38,17.68
3,39,190.85
3,40,168.31
3,41,171.08
3,42,37.00
3,43,185.23
3,44,166.71
3,45,279.72
3,46,306.50
3,47,187.63
3,48,nan
3,49,244.02
3,50,17.68
3,51,130.58
3,52,157.63
3,53,159.94
3,54,107.98
3,55,276.55
3,56,263.85
3,57,246.83
3,58,199.23
3,59,37.00
3,60,177.64
3,61,213.87
3,62,318.24
3,63,213.87
3,64,279.72
3,65,226.09
3,66,179.53
3,67,171.08
3,68,152.53
3,69,78.05
3,70,58.26
3,71,171.08
3,72,103.09
3,73,218.58
3,74,257.91
3,75,139.30
3,76,270.21
3,77,151.93
3,78,180.35
3,79,182.14
3,80,201.73
3,81,390.53
3,82,55.33
3,83,93.99
3,84,246.83
3,85,244.02
3,86,171.08
3,87,228.65
3,88,194.66
3,89,249.62
3,90,371.81
3,91,249.62
3,92,223.51
3,93,190.85
3,94,279.72
3,95,173.04
3,96,175.35
3,97,201.48
3,98,175.35
3,99,276.55
4,0,130.58
4,1,145.72
4,2,232.64
4,3,249.62
4,5,246.83
4,6,118.61
4,7,166.71
4,8,196.96
4,9,74.45
4,10,209.08
4,11,190.85
4,12,282.89
4,13,49.72
4,14,179.91
4,15,246.83
4,16,223.51
4,17,246.83
4,18,129.09
4,19,246.83
4,20,204.20
4,21,85.69
4,22,199.23
4,23,175.35
4,24,159.06
4,25,17.68
4,26,291.14
4,27,397.21
4,28,155.28
4,29,144.27
4,30,211.49
4,31,226.09
4,32,196.96
4,33,145.72
4,34,270.21
4,35,397.21
4,36,129.09
4,37,185.23
4,38,249.62
4,39,110.48
4,40,244.02
4,41,273.39
4,42,241.20
4,43,218.58
4,44,192.34
4,45,326.23
4,46,52.48
4,47,137.18
4,48,326.23
4,49,252.39
4,50,246.83
4,51,182.81
4,52,279.72
4,53,231.19
4,54,273.39
4,55,32.35
4,56,34.65
4,57,244.02
4,58,184.35
4,59,255.16
4,60,213.87
4,61,131.44
4,62,270.21
4,63,173.23
4,64,168.31
4,65,124.40
4,66,226.09
4,67,209.08
4,68,155.28
4,69,267.04
4,70,232.64
4,71,159.94
4,72,232.64
4,73,246.83
4,74,137.04
4,75,326.23
4,76,17.68
4,77,314.30
4,78,220.91
4,79,177.64
4,80,98.43
4,81,98.43
4,82,196.70
4,83,209.08
4,84,118.61
4,85,67.64
4,86,244.02
4,87,194.66
4,88,270.21
4,89,209.08
4,90,223.51
4,91,160.27
4,92,223.51
4,93,226.09
4,94,223.51
4,95,199.23
4,96,175.35
4,97,187.63
4,98,138.46
4,99,211.49
5,0,192.34
5,1,145.89
5,2,159.06
5,3,203.71
5,4,201.73
5,6,192.34
5,7,255.16
5,8,166.71
5,9,192.34
5,10,70.99
5,11,194.66
5,12,206.65
5,13,201.73
5,14,204.20
5,15,17.68
5,16,233.72
5,17,45.36
5,18,173.23
5,19,160.27
5,20,144.27
5,21,164.48
5,22,168.91
5,23,314.30
5,24,134.75
5,25,226.09
5,26,201.48
5,27,161.18
5,28,154.73
5,29,226.09
5,30,223.51
5,31,37.00
5,32,211.49
5,33,182.14
5,34,192.34
5,35,186.54
5,36,186.54
5,37,390.53
5,38,177.45
5,39,192.34
5,40,228.65
5,41,244.02
5,42,186.54
5,43,139.90
5,44,194.66
5,45,146.03
5,46,206.65
5,47,226.09
5,48,141.97
5,49,273.39
5,50,184.35
5,51,175.35
5,52,216.24
5,53,233.72
5,54,89.75
5,55,246.83
5,56,209.08
5,57,226.09
5,58,182.14
5,59,167.39
5,60,166.71
5,61,179.91
5,62,159.06
5,63,164.48
5,64,209.08
5,65,218.29
5,66,17.68
5,67,286.06
5,68,161.18
5,69,165.34
5,70,168.91
5,71,215.65
5,72,175.35
5,73,34.65
5,74,168.91
5,75,201.48
5,76,226.09
5,77,213.87
5,78,175.35
5,79,206.65
5,80,310.39
5,81,206.65
5,82,179.53
5,83,118.61
5,84,206.65
5,85,209.08
5,86,223.51
5,87,150.13
5,88,173.23
5,89,184.35
5,90,187.63
5,91,179.91
5,92,184.35
5,93,257.91
5,94,143.39
5,95,184.35
5,96,314.30
5,97,179.91
5,98,249.62
5,99,190.00
6,0,201.48
6,1,279.72
6,2,252.39
6,3,255.16
6,4,118.61
6,5,192.34
6,7,279.72
6,8,326.23
6,9,34.65
6,10,223.51
6,11,255.16
6,12,326.23
6,13,177.45
6,14,201.73
6,15,168.91
6,16,235.51
6,17,206.65
6,18,246.83
6,19,249.62
6,20,377.86
6,21,201.48
6,22,179.53
6,23,252.39
6,24,201.73
6,25,130.58
6,26,279.72
6,27,236.23
6,28,273.39
6,29,47.03
6,30,397.21
6,31,206.65
6,32,257.91
6,33,246.83
6,34,233.72
6,35,218.58
6,36,314.30
6,37,252.39
6,38,204.20
6,39,276.55
6,40,213.87
6,41,322.22
6,42,194.66
6,43,185.23
6,44,218.29
6,45,203.71
6,46,58.26
6,47,34.65
6,48,190.85
6,49,204.20
6,50,249.62
6,51,318.24
6,52,194.15
6,53,152.53
6,54,223.51
6,55,81.79
6,56,149.99
6,57,199.23
6,58,185.23
6,59,226.09
6,60,201.48
6,61,81.79
6,62,236.23
6,63,107.98
6,64,179.53
6,65,218.58
6,66,223.51
6,67,201.73
6,68,298.79
6,69,279.72
6,70,209.08
6,71,192.34
6,72,279.72
6,73,226.09
6,74,188.95
6,75,194.15
6,76,98.43
6,77,252.39
6,78,175.35
6,79,279.72
6,80,203.71
6,81,17.68
6,82,228.65
6,83,267.04
6,84,17.68
6,85,177.45
6,86,273.39
6,87,226.09
6,88,218.58
6,89,257.91
6,90,196.70
6,91,282.89
6,92,175.35
6,93,252.39
6,94,201.73
6,95,160.27
6,96,201.73
6,97,144.27
6,98,67.64
6,99,257.91
7,0,326.23
7,1,282.89
7,2,231.19
7,3,145.89
7,4,166.71
7,5,255.16
7,6,279.72
7,8,74.45
7,9,279.72
7,10,213.87
7,11,257.91
7,12,39.41
7,13,231.19
7,14,182.81
7,15,206.65
7,16,194.15
7,17,199.23
7,18,231.19
7,19,231.19
7,20,213.87
7,21,249.62
7,22,209.08
7,23,144.27
7,24,204.20
7,25,231.19
7,26,190.00
7,27,173.04
7,28,279.72
7,29,213.87
7,30,61.28
7,31,186.54
7,32,118.61
7,33,177.64
7,34,220.91
7,35,279.72
7,36,318.24
7,37,93.99
7,38,199.23
7,39,168.31
7,40,177.64
7,41,37.00
7,42,252.39
7,43,160.27
7,44,164.48
7,45,206.65
7,46,246.83
7,47,213.87
7,48,206.65
7,49,160.27
7,50,162.23
7,51,172.80
7,52,179.53
7,53,160.27
7,54,141.97
7,55,204.20
7,56,213.87
7,57,170.69
7,58,190.85
7,59,190.00
7,60,144.27
7,61,211.49
7,62,150.48
7,63,209.08
7,64,249.62
7,65,397.21
7,66,213.87
7,67,17.68
7,68,177.64
7,69,384.09
7,70,252.39
7,71,58.26
7,72,220.91
7,73,192.34
7,74,246.83
7,75,203.71
7,76,204.20
7,77,252.39
7,78,215.65
7,79,17.68
7,80,249.62
7,81,318.24
7,82,286.06
7,83,199.23
7,84,252.39
7,85,228.65
7,86,78.05
7,87,144.27
7,88,201.73
7,89,144.27
7,90,220.91
7,91,166.71
7,92,241.20
7,93,252.39
7,94,177.64
7,95,223.51
7,96,137.18
7,97,145.72
7,98,255.16
7,99,98.43
8,0,190.85
8,1,182.14
8,2,213.87
8,3,220.91
8,4,231.19
8,5,166.71
8,6,326.23
8,7,74.45
8,9,279.72
8,10,231.19
8,11,160.27
8,12,32.35
8,13,236.23
8,14,161.18
8,15,166.71
8,16,190.00
8,17,196.96
8,18,182.14
8,19,231.19
8,20,249.62
8,21,236.23
8,22,168.31
8,23,166.71
8,24,154.73
8,25,186.54
8,26,226.09
8,27,209.08
8,28,148.02
8,29,390.53
8,30,17.68
8,31,199.23
8,32,37.00
8,33,137.80
8,34,190.00
8,35,223.51
8,36,314.30
8,37,194.66
8,38,166.71
8,39,310.39
8,40,190.00
8,41,118.61
8,42,226.09
8,43,93.99
8,44,137.80
8,45,194.66
8,46,252.39
8,47,nan
8,48,209.08
8,49,166.71
8,50,249.62
8,51,162.23
8,52,286.06
8,53,326.23
8,54,231.19
8,55,220.91
8,56,186.54
8,57,152.21
8,58,118.61
8,59,252.39
8,60,70.99
8,61,249.62
8,62,246.83
8,63,187.63
8,64,252.39
8,65,188.71
8,66,211.49
8,67,93.99
8,68,130.34
8,69,211.49
8,70,279.72
8,71,160.27
8,72,190.00
8,73,190.00
8,74,175.35
8,75,246.83
8,76,279.72
8,77,173.04
8,78,204.20
8,79,47.03
8,80,236.23
8,81,318.24
8,82,180.35
8,83,228.65
8,84,397.21
8,85,236.23
8,86,161.18
8,87,55.33
8,88,179.91
8,89,78.05
8,90,255.16
8,91,149.99
8,92,226.09
8,93,175.35
8,94,184.35
8,95,196.96
8,96,168.31
8,97,211.49
8,98,310.39
8,99,17.68
9,0,216.24
9,1,318.24
9,2,196.96
9,3,390.53
9,4,74.45
9,5,192.34
9,6,34.65
9,7,279.72
9,8,279.72
9,10,246.83
9,11,273.39
9,12,326.23
9,13,137.18
9,14,175.35
9,15,192.34
9,16,326.23
9,17,273.39
9,18,279.72
9,19,223.51
9,20,318.24
9,21,177.45
9,22,236.23
9,23,246.83
9,24,206.65
9,25,93.99
9,26,235.51
9,27,326.23
9,28,314.30
9,29,89.75
9,30,318.24
9,31,246.83
9,32,216.24
9,33,206.65
9,34,365.94
9,35,286.06
9,36,279.72
9,37,215.65
9,38,390.53
9,39,231.19
9,40,270.21
9,41,194.66
9,42,255.16
9,43,326.23
9,44,223.51
9,45,257.91
9,46,17.68
9,47,74.45
9,48,201.48
9,49,192.34
9,50,252.39
9,51,199.23
9,52,246.83
9,53,226.09
9,54,226.09
9,55,39.41
9,56,118.61
9,57,223.51
9,58,273.39
9,59,231.19
9,60,209.08
9,61,118.61
9,62,162.23
9,63,144.27
9,64,192.34
9,65,201.48
9,66,192.34
9,67,211.49
9,68,206.65
9,69,204.20
9,70,231.19
9,71,228.65
9,72,199.23
9,73,223.51
9,74,318.24
9,75,228.65
9,76,61.28
9,77,199.23
9,78,306.50
9,79,246.83
9,80,179.53
9,81,17.68
9,82,152.53
9,83,371.81
9,84,55.33
9,85,149.99
9,86,185.23
9,87,216.24
9,88,231.19
9,89,226.09
9,90,270.21
9,91,201.73
9,92,241.20
9,93,199.23
9,94,206.65
9,95,159.06
9,96,218.29
9,97,203.71
9,98,113.15
9,99,286.06
10,0,168.91
10,1,166.71
10,2,179.53
10,3,130.58
10,4,209.08
10,5,70.99
10,6,223.51
10,7,213.87
10,8,231.19
10,9,246.83
10,11,150.13
10,12,286.06
10,13,179.91
10,14,246.83
10,15,74.45
10,16,185.23
10,17,17.68
10,18,173.23
10,19,78.05
10,20,61.28
10,21,182.14
10,22,231.19
10,23,282.89
10,24,226.09
10,25,252.39
10,26,190.85
10,27,273.39
10,28,211.49
10,29,390.53
10,30,276.55
10,31,39.41
10,32,194.66
10,33,148.02
10,34,161.18
10,35,226.09
10,36,179.91
10,37,156.91
10,38,114.93
10,39,201.48
10,40,194.66
10,41,211.49
10,42,126.83
10,43,168.91
10,44,179.91
10,45,314.30
10,46,270.21
10,47,226.09
10,48,397.21
10,49,282.89
10,50,130.58
10,51,156.29
10,52,213.87
10,53,179.91
10,54,17.68
10,55,209.08
10,56,177.64
10,57,159.94
10,58,159.06
10,59,107.98
10,60,166.71
10,61,322.22
10,62,231.19
10,63,282.89
10,64,273.39
10,65,226.09
10,66,55.33
10,67,286.06
10,68,163.27
10,69,179.53
10,70,140.42
10,71,192.34
10,72,169.41
10,73,93.99
10,74,177.64
10,75,233.72
10,76,226.09
10,77,186.54
10,78,226.09
10,79,150.13
10,80,168.91
10,81,246.83
10,82,107.98
10,83,37.00
10,84,218.29
10,85,209.08
10,86,139.90
10,87,156.91
10,88,246.83
10,89,226.09
10,90,196.96
10,91,141.97
10,92,223.51
10,93,213.87
10,94,226.09
10,95,282.89
10,96,322.22
10,97,322.22
10,98,322.22
10,99,211.49
11,0,39.41
11,1,143.72
11,2,192.34
11,3,213.87
11,4,190.85
11,5,194.66
11,6,255.16
11,7,257.91
11,8,160.27
11,9,233.72
11,10,150.13
11,12,190.85
11,13,124.40
11,14,213.87
11,15,154.73
11,16,173.23
11,17,159.06
11,18,152.53
11,19,171.08
11,20,152.21
11,21,107.98
11,22,279.72
11,23,326.23
11,24,186.54
11,25,144.27
11,26,209.08
11,27,211.49
11,28,143.72
11,29,199.23
11,30,169.41
11,31,159.06
11,32,113.15
11,33,152.53
11,34,177.64
11,35,241.20
11,36,199.23
11,37,nan
11,38,204.20
11,39,187.63
11,40,188.71
11,41,257.91
11,42,213.87
11,43,39.41
11,44,199.23
11,45,252.39
11,46,233.72
11,47,257.91
11,48,279.72
11,49,397.21
11,50,209.08
11,51,194.66
11,52,177.64
11,53,223.51
11,54,194.66
11,55,216.24
11,56,144.27
11,57,216.24
11,58,17.68
11,59,228.65
11,60,81.79
11,61,211.49
11,62,177.64
11,63,260.66
11,64,228.65
11,65,58.26
11,66,194.66
11,67,286.06
11,68,213.87
11,69,238.37
11,70,206.65
11,71,175.35
11,72,209.08
11,73,159.94
11,74,177.64
11,75,286.06
11,76,236.23
11,77,209.08
11,78,161.18
11,79,203.71
11,80,85.69
11,81,185.23
11,82,286.06
11,83,175.35
11,84,233.72
11,85,118.61
11,86,190.00
11,87,98.43
11,88,228.65
11,89,61.28
11,90,186.54
11,91,17.68
11,92,139.30
11,93,267.04
11,94,218.58
11,95,228.65
11,96,326.23
11,97,137.04
11,98,218.29
11,99,130.58
12,0,218.58
12,1,206.65
12,2,165.34
12,3,182.14
12,4,211.49
12,5,206.65
12,6,326.23
12,7,39.41
12,8,32.35
12,9,231.19
12,10,286.06
12,11,190.85
12,13,236.23
12,14,249.62
12,15,192.34
12,16,241.20
12,17,213.87
12,18,223.51
12,19,192.34
12,20,150.13
12,21,257.91
12,22,201.73
12,23,255.16
12,24,157.63
12,25,213.87
12,26,166.71
12,27,252.39
12,28,212.98
12,29,279.72
12,30,17.68
12,31,196.96
12,32,61.28
12,33,177.64
12,34,204.20
12,35,252.39
12,36,177.64
12,37,190.85
12,38,184.35
12,39,177.64
12,40,204.20
12,41,85.69
12,42,249.62
12,43,118.61
12,44,279.72
12,45,206.65
12,46,279.72
12,47,252.39
12,48,177.64
12,49,326.23
12,50,246.83
12,51,667.09
12,52,286.06
12,53,286.06
12,54,159.06
12,55,282.89
12,56,213.87
12,57,196.96
12,58,151.93
12,59,223.51
12,60,93.99
12,61,177.64
12,62,204.20
12,63,190.00
12,64,190.00
12,65,236.23
12,66,211.49
12,67,58.26
12,68,154.73
12,69,273.39
12,70,249.62
12,71,113.15
12,72,179.91
12,73,206.65
12,74,228.65
12,75,326.23
12,76,255.16
12,77,377.86
12,78,220.91
12,79,17.68
12,80,257.91
12,81,326.23
12,82,190.00
12,83,182.14
12,84,326.23
12,85,236.23
12,86,151.93
12,87,81.79
12,88,231.19
12,89,98.43
12,90,201.73
12,91,203.71
12,92,204.20
12,93,194.66
12,94,228.65
12,95,175.35
12,96,233.72
12,97,175.35
12,98,397.21
12,99,47.03
13,0,74.45
13,1,137.04
13,2,185.23
13,3,244.02
13,4,49.72
13,5,201.73
13,6,177.45
13,7,231.19
13,8,236.23
13,9,137.18
13,10,213.87
13,11,124.40
13,12,236.23
13,14,179.91
13,15,201.73
13,16,nan
13,17,233.72
13,18,117.11
13,19,218.29
13,20,244.02
13,21,32.35
13,22,249.62
13,23,246.83
13,24,137.04
13,25,32.35
13,26,199.23
13,27,249.62
13,28,108.58
13,29,177.45
13,30,203.71
13,31,145.72
13,32,218.58
13,33,145.72
13,34,238.37
13,35,257.45
13,36,137.04
13,37,238.37
13,38,231.19
13,39,148.02
13,40,306.50
13,41,231.19
13,42,231.19
13,43,160.27
13,44,155.28
13,45,249.62
13,46,124.40
13,47,156.29
13,48,228.65
13,49,244.02
13,50,223.51
13,51,175.35
13,52,246.83
13,53,175.35
13,54,192.34
13,55,93.99
13,56,17.68
13,57,252.39
13,58,151.93
13,59,229.74
13,60,165.34
13,61,236.23
13,62,180.35
13,63,211.49
13,64,291.14
13,65,61.28
13,66,206.65
13,67,322.22
13,68,155.28
13,69,182.14
13,70,173.04
13,71,282.89
13,72,199.23
13,73,263.85
13,74,168.31
13,75,252.39
13,76,74.45
13,77,184.35
13,78,218.29
13,79,231.19
13,80,41.88
13,81,142.36
13,82,182.81
13,83,192.34
13,84,190.85
13,85,17.68
13,86,318.24
13,87,203.71
13,88,173.04
13,89,156.29
13,90,397.21
13,91,98.43
13,92,201.73
13,93,130.34
13,94,279.72
13,95,212.98
13,96,nan
13,97,162.23
13,98,236.23
13,99,236.23
14,0,213.87
14,1,96.66
14,2,211.49
14,3,279.72
14,4,179.91
14,5,204.20
14,6,201.73
14,7,182.81
14,8,161.18
14,9,175.35
14,10,246.83
14,11,213.87
14,12,249.62
14,13,179.91
14,15,182.14
14,16,55.33
14,17,318.24
14,18,98.43
14,19,187.63
14,20,143.72
14,21,168.91
14,22,158.29
14,23,211.49
14,24,32.35
14,25,206.65
14,26,216.24
14,27,124.40
14,28,78.05
14,29,206.65
14,30,228.65
14,31,190.00
14,32,211.49
14,33,58.26
14,34,81.79
14,35,160.27
14,36,128.71
14,37,199.23
14,38,212.98
14,39,149.99
14,40,70.99
14,41,201.73
14,42,211.49
14,43,201.48
14,44,44.42
14,45,144.27
14,46,162.23
14,47,162.23
14,48,160.27
14,49,173.04
14,50,194.66
14,51,173.23
14,52,257.91
14,53,257.91
14,54,226.09
14,55,173.04
14,56,190.00
14,57,32.35
14,58,186.54
14,59,182.14
14,60,182.14
14,61,255.16
14,62,89.75
14,63,161.18
14,64,179.53
14,65,216.24
14,66,143.39
14,67,255.16
14,68,55.33
14,69,170.69
14,70,228.65
14,71,201.73
14,72,171.08
14,73,209.08
14,74,106.19
14,75,236.23
14,76,177.64
14,77,152.21
14,78,85.69
14,79,228.65
14,80,255.16
14,81,187.63
14,82,199.23
14,83,209.08
14,84,173.04
14,85,179.91
14,86,215.65
14,87,194.66
14,88,107.98
14,89,233.72
14,90,17.68
14,91,143.72
14,92,85.69
14,93,167.39
14,94,17.68
14,95,203.71
14,96,231.19
14,97,201.48
14,98,170.69
14,99,209.08
15,0,273.39
15,1,159.06
15,2,236.23
15,3,190.85
15,4,201.73
15,5,17.68
15,6,168.91
15,7,206.65
15,8,166.71
15,9,192.34
15,10,74.45
15,11,154.73
15,12,192.34
15,13,201.73
15,14,182.14
15,16,252.39
15,17,58.26
15,18,163.27
15,19,151.93
15,20,137.18
15,21,175.35
15,22,171.08
15,23,322.22
15,24,276.55
15,25,209.08
15,26,218.58
15,27,168.91
15,28,196.96
15,29,194.66
15,30,223.51
15,31,47.03
15,32,206.65
15,33,161.18
15,34,168.91
15,35,164.48
15,36,186.54
15,37,397.21
15,38,190.85
15,39,216.24
15,40,143.72
15,41,206.65
15,42,203.71
15,43,141.53
15,44,171.08
15,45,145.89
15,46,223.51
15,47,182.14
15,48,161.18
15,49,322.22
15,50,190.85
15,51,156.29
15,52,255.16
15,53,255.16
15,54,89.75
15,55,206.65
15,56,168.31
15,57,209.08
15,58,150.29
15,59,169.41
15,60,170.69
15,61,182.14
15,62,139.90
15,63,182.14
15,64,206.65
15,65,218.29
15,66,30.11
15,67,206.65
15,68,152.21
15,69,203.71
15,70,218.58
15,71,252.39
15,72,190.85
15,73,17.68
15,74,139.90
15,75,233.72
15,76,226.09
15,77,216.24
15,78,177.45
15,79,192.34
15,80,371.81
15,81,206.65
15,82,169.41
15,83,118.61
15,84,168.91
15,85,175.35
15,86,255.16
15,87,150.13
15,88,159.06
15,89,134.75
15,90,182.14
15,91,162.23
15,92,188.71
15,93,257.91
15,94,185.23
15,95,196.96
15,96,nan
15,97,192.34
15,98,211.49
15,99,177.64
16,0,218.29
16,1,169.41
16,2,184.35
16,3,397.21
16,4,223.51
16,5,233.72
16,6,235.51
16,7,185.23
16,8,190.00
16,9,326.23
16,10,185.23
16,11,199.23
16,12,241.20
16,13,nan
16,14,55.33
16,15,194.66
16,17,231.19
16,18,160.27
16,19,166.71
16,20,282.89
16,21,216.24
16,22,151.93
16,23,194.66
16,24,93.99
16,25,165.90
16,26,233.72
16,27,93.99
16,28,137.18
16,29,257.91
16,30,220.91
16,31,231.19
16,32,196.96
16,33,118.61
16,34,34.65
16,35,124.40
16,36,173.23
16,37,154.73
16,38,196.70
16,39,196.96
16,40,17.68
16,41,213.87
16,42,215.65
16,43,231.19
16,44,93.99
16,45,130.58
16,46,223.51
16,47,236.23
16,48,151.93
16,49,161.18
16,50,255.16
16,51,199.23
16,52,143.72
16,53,162.23
16,54,216.24
16,55,244.02
16,56,397.21
16,57,17.68
16,58,211.49
16,59,233.72
16,60,171.08
16,61,218.58
16,62,67.64
16,63,203.71
16,64,169.41
16,65,213.87
16,66,390.53
16,67,233.72
16,68,118.61
16,69,257.91
16,70,235.51
16,71,194.66
16,72,182.14
16,73,145.72
16,74,163.27
16,75,322.22
16,76,215.65
16,77,175.35
16,78,49.72
16,79,223.51
16,80,226.09
16,81,286.06
16,82,199.23
16,83,326.23
16,84,236.23
16,85,326.23
16,86,246.83
16,87,194.66
16,88,81.79
16,89,187.63
16,90,74.45
16,91,184.35
16,92,58.26
16,93,216.24
16,94,37.00
16,95,169.41
16,96,175.35
16,97,203.71
16,98,199.23
16,99,204.20
17,0,175.35
17,1,177.64
17,2,190.85
17,3,130.58
17,4,246.83
17,5,45.36
17,6,206.65
17,7,199.23
17,8,213.87
17,9,273.39
17,10,17.68
17,11,159.06
17,12,213.87
17,13,233.72
17,14,360.21
17,15,58.26
17,16,231.19
17,18,165.34
17,19,89.75
17,20,74.45
17,21,148.02
17,22,223.51
17,23,252.39
17,24,310.39
17,25,196.96
17,26,203.71
17,27,310.39
17,28,186.54
17,29,322.22
17,30,252.39
17,31,17.68
17,32,199.23
17,33,196.96
17,34,252.39
17,35,273.39
17,36,286.06
17,37,286.06
17,38,130.58
17,39,216.24
17,40,231.19
17,41,231.19
17,42,151.93
17,43,246.83
17,44,194.66
17,45,310.39
17,46,244.02
17,47,390.53
17,48,218.29
17,49,249.62
17,50,130.58
17,51,165.34
17,52,249.62
17,53,233.72
17,54,32.35
17,55,223.51
17,56,145.89
17,57,182.81
17,58,168.91
17,59,113.15
17,60,177.64
17,61,223.51
17,62,220.91
17,63,206.65
17,64,267.04
17,65,187.63
17,66,34.65
17,67,213.87
17,68,213.87
17,69,190.85
17,70,169.41
17,71,231.19
17,72,190.85
17,73,81.79
17,74,159.94
17,75,216.24
17,76,206.65
17,77,218.58
17,78,282.89
17,79,141.97
17,80,204.20
17,81,310.39
17,82,113.15
17,83,52.48
17,84,244.02
17,85,220.91
17,86,257.91
17,87,177.64
17,88,310.39
17,89,246.83
17,90,252.39
17,91,168.91
17,92,276.55
17,93,257.91
17,94,318.24
17,95,220.91
17,96,397.21
17,97,190.00
17,98,322.22
17,99,233.72
18,0,190.00
18,1,17.68
18,2,179.53
18,3,194.66
18,4,129.09
18,5,173.23
18,6,246.83
18,7,231.19
18,8,182.14
18,9,279.72
18,10,173.23
18,11,152.53
18,12,270.21
18,13,117.11
18,14,98.43
18,15,163.27
18,16,160.27
18,17,165.34
18,19,186.54
18,20,152.53
18,21,218.29
18,22,249.62
18,23,255.16
18,24,78.05
18,25,137.04
18,26,151.93
18,27,184.35
18,28,17.68
18,29,231.19
18,30,282.89
18,31,165.34
18,32,231.19
18,33,34.65
18,34,146.03
18,35,179.91
18,36,55.33
18,37,233.72
18,38,196.70
18,39,70.99
18,40,158.29
18,41,255.16
18,42,213.87
18,43,143.72
18,44,67.64
18,45,184.35
18,46,252.39
18,47,194.66
18,48,211.49
18,49,201.48
18,50,179.91
18,51,137.18
18,52,194.66
18,53,175.35
18,54,190.00
18,55,279.72
18,56,157.63
18,57,121.01
18,58,133.51
18,59,154.26
18,60,160.99
18,61,159.06
18,62,134.46
18,63,199.23
18,64,168.91
18,65,175.35
18,66,165.34
18,67,223.51
18,68,55.33
18,69,160.27
18,70,213.87
18,71,233.72
18,72,160.27
18,73,144.01
18,74,37.00
18,75,168.91
18,76,145.72
18,77,113.15
18,78,148.02
18,79,nan
18,80,241.20
18,81,inf
18,82,152.21
18,83,177.64
18,84,209.08
18,85,168.31
18,86,233.72
18,87,190.00
18,88,141.97
18,89,192.34
18,90,89.75
18,91,143.39
18,92,138.46
18,93,85.69
18,94,116.78
18,95,192.34
18,96,213.87
18,97,246.83
18,98,213.87
18,99,206.65
19,0,263.85
19,1,213.87
19,2,158.29
19,3,78.05
19,4,273.39
19,5,160.27
19,6,249.62
19,7,231.19
19,8,231.19
19,9,223.51
19,10,78.05
19,11,171.08
19,12,192.34
19,13,218.29
19,14,187.63
19,15,151.93
19,16,166.71
19,17,89.75
19,18,186.54
19,20,17.68
19,21,143.72
19,22,322.22
19,23,215.65
19,24,152.21
19,25,273.39
19,26,158.29
19,27,173.23
19,28,175.35
19,29,252.39
19,30,244.02
19,31,118.61
19,32,231.19
19,33,199.23
19,34,179.91
19,35,211.49
19,36,257.91
19,37,252.39
19,38,107.98
19,39,257.91
19,40,150.13
19,41,233.72
19,42,137.18
19,43,182.81
19,44,213.87
19,45,252.39
19,46,223.51
19,47,231.19
19,48,279.72
19,49,215.65
19,50,67.64
19,51,169.41
19,52,244.02
19,53,223.51
19,54,58.26
19,55,204.20
19,56,201.73
19,57,201.73
19,58,150.29
19,59,39.41
19,60,201.48
19,61,213.87
19,62,163.27
19,63,228.65
19,64,322.22
19,65,177.64
19,66,137.18
19,67,233.72
19,68,139.30
19,69,158.29
19,70,160.27
19,71,322.22
19,72,160.27
19,73,169.41
19,74,257.91
19,75,223.51
19,76,170.69
19,77,218.58
19,78,177.64
19,79,168.91
19,80,143.72
19,81,206.65
19,82,17.68
19,83,39.41
19,84,209.08
19,85,233.72
19,86,226.09
19,87,216.24
19,88,173.23
19,89,209.08
19,90,173.04
19,91,194.66
19,92,168.31
19,93,257.91
19,94,322.22
19,95,322.22
19,96,185.23
19,97,390.53
19,98,231.19
19,99,231.19
20,0,190.00
20,1,143.72
20,2,167.39
20,3,89.75
20,4,204.20
20,5,144.27
20,6,377.86
20,7,159.06
20,8,249.62
20,9,318.24
20,10,61.28
20,11,152.21
20,12,150.13
20,13,244.02
20,14,143.72
20,15,137.18
20,16,282.89
20,17,74.45
20,18,152.53
20,19,17.68
20,21,273.39
20,22,318.24
20,23,206.65
20,24,223.51
20,25,252.39
20,26,167.39
20,27,196.96
20,28,173.04
20,29,318.24
20,30,223.51
20,31,103.09
20,32,168.91
20,33,192.34
20,34,194.66
20,35,279.72
20,36,246.83
20,37,209.08
20,38,113.15
20,39,228.65
20,40,150.13
20,41,166.71
20,42,144.27
20,43,190.00
20,44,218.29
20,45,252.39
20,46,167.59
20,47,nan
20,48,177.87
20,49,226.09
20,50,85.69
20,51,179.53
20,52,244.02
20,53,206.65
20,54,39.41
20,55,273.39
20,56,201.73
20,57,397.21
20,58,190.00
20,59,55.33
20,60,159.06
20,61,238.37
20,62,159.06
20,63,390.53
20,64,276.55
20,65,190.00
20,66,124.40
20,67,233.72
20,68,223.51
20,69,167.39
20,70,165.34
20,71,322.22
20,72,125.48
20,73,160.27
20,74,152.53
20,75,206.65
20,76,246.83
20,77,166.71
20,78,177.64
20,79,159.06
20,80,273.39
20,81,209.08
20,82,39.41
20,83,17.68
20,84,377.86
20,85,246.83
20,86,226.09
20,87,161.18
20,88,184.35
20,89,182.14
20,90,148.02
20,91,171.08
20,92,139.30
20,93,177.64
20,94,206.65
20,95,252.39
20,96,175.35
20,97,nan
20,98,318.24
20,99,228.65
21,0,61.28
21,1,220.91
21,2,263.85
21,3,226.09
21,4,85.69
21,5,164.48
21,6,201.48
21,7,249.62
21,8,236.23
21,9,177.45
21,10,182.14
21,11,107.98
21,12,257.91
21,13,32.35
21,14,168.91
21,15,175.35
21,16,216.24
21,17,170.69
21,18,218.29
21,19,143.72
21,20,246.83
21,22,235.51
21,23,390.53
21,24,206.65
21,25,67.64
21,26,249.62
21,27,310.39
21,28,187.63
21,29,257.91
21,30,236.23
21,31,204.20
21,32,190.85
21,33,194.66
21,34,201.48
21,35,238.37
21,36,226.09
21,37,270.21
21,38,194.66
21,39,150.29
21,40,201.48
21,41,192.34
21,42,209.08
21,43,144.27
21,44,199.23
21,45,263.85
21,46,167.39
21,47,236.23
21,48,218.29
21,49,194.15
21,50,206.65
21,51,226.09
21,52,218.29
21,53,226.09
21,54,194.66
21,55,137.18
21,56,52.48
21,57,177.45
21,58,130.58
21,59,190.00
21,60,160.27
21,61,162.23
21,62,182.81
21,63,180.35
21,64,199.23
21,65,39.41
21,66,201.73
21,67,223.51
21,68,184.35
21,69,201.73
21,70,183.62
21,71,326.23
21,72,194.66
21,73,273.39
21,74,182.14
21,75,279.72
21,76,113.15
21,77,139.30
21,78,213.87
21,79,326.23
21,80,17.68
21,81,175.35
21,82,145.89
21,83,194.66
21,84,218.58
21,85,17.68
21,86,273.39
21,87,179.53
21,88,228.65
21,89,160.27
21,90,192.34
21,91,85.69
21,92,213.87
21,93,150.29
21,94,216.24
21,95,199.23
21,96,390.53
21,97,173.04
21,98,286.06
21,99,218.58
22,0,235.51
22,1,196.96
22,2,182.14
22,3,279.72
22,4,199.23
22,5,168.91
22,6,179.53
22,7,209.08
22,8,168.31
22,9,236.23
22,10,231.19
22,11,279.72
22,12,201.73
22,13,249.62
22,14,158.29
22,15,184.35
22,16,151.93
22,17,223.51
22,18,249.62
22,19,322.22
22,20,318.24
22,21,235.51
22,23,212.98
22,24,199.23
22,25,215.65
22,26,190.00
22,27,67.64
22,28,190.00
22,29,137.18
22,30,241.20
22,31,206.65
22,32,244.02
22,33,199.23
22,34,137.18
22,35,49.72
22,36,165.34
22,37,211.49
22,38,310.39
22,39,194.66
22,40,151.93
22,41,273.39
22,42,223.51
22,43,384.09
22,44,187.63
22,45,34.65
22,46,255.16
22,47,144.27
22,48,17.68
22,49,282.89
22,50,322.22
22,51,194.66
22,52,255.16
22,53,233.72
22,54,397.21
22,55,286.06
22,56,314.30
22,57,160.27
22,58,inf
22,59,390.53
22,60,173.04
22,61,93.99
22,62,107.98
22,63,74.45
22,64,17.68
22,65,199.23
22,66,213.87
22,67,215.65
22,68,166.71
22,69,171.08
22,70,206.65
22,71,249.62
22,72,182.14
22,73,196.96
22,74,175.35
22,75,322.22
22,76,286.06
22,77,177.64
22,78,124.40
22,79,159.94
22,80,235.51
22,81,203.71
22,82,390.53
22,83,247.76
22,84,160.27
22,85,nan
22,86,223.51
22,87,173.04
22,88,89.75
22,89,215.65
22,90,190.85
22,91,155.28
22,92,118.61
22,93,177.64
22,94,179.53
22,95,39.41
22,96,212.98
22,97,61.28
22,98,118.61
22,99,206.65
23,0,238.37
23,1,322.22
23,2,249.62
23,3,273.39
23,4,175.35
23,5,314.30
23,6,252.39
23,7,144.27
23,8,166.71
23,9,279.72
23,10,282.89
23,11,326.23
23,12,326.23
23,13,246.83
23,14,211.49
23,15,322.22
23,16,194.66
23,17,282.89
23,18,255.16
23,19,215.65
23,20,252.39
23,21,390.53
23,22,212.98
23,24,184.35
23,25,187.63
23,26,249.62
23,27,220.91
23,28,255.16
23,29,228.65
23,30,190.00
23,31,322.22
23,32,159.94
23,33,255.16
23,34,211.49
23,35,220.91
23,36,233.72
23,37,30.11
23,38,314.30
23,39,255.16
23,40,182.14
23,41,93.99
23,42,276.55
23,43,257.91
23,44,196.96
23,45,196.70
23,46,226.09
23,47,187.63
23,48,194.15
23,49,17.68
23,50,165.90
23,51,276.55
23,52,55.33
23,53,37.00
23,54,267.04
23,55,279.72
23,56,187.63
23,57,162.23
23,58,286.06
23,59,182.81
23,60,326.23
23,61,228.65
23,62,196.70
23,63,241.20
23,64,231.19
23,65,397.21
23,66,273.39
23,67,124.40
23,68,276.55
23,69,228.65
23,70,249.62
23,71,70.99
23,72,179.91
23,73,nan
23,74,228.65
23,75,70.99
23,76,249.62
23,77,168.91
23,78,137.04
23,79,190.85
23,80,390.53
23,81,187.63
23,82,212.98
23,83,201.73
23,84,276.55
23,85,nan
23,86,52.48
23,87,nan
23,88,187.63
23,89,257.91
23,90,196.96
23,91,326.23
23,92,194.66
23,93,171.08
23,94,228.65
23,95,220.91
23,96,17.68
23,97,241.20
23,98,249.62
23,99,nan
24,0,231.19
24,1,85.69
24,2,175.35
24,3,177.64
24,4,159.06
24,5,134.75
24,6,175.35
24,7,175.35
24,8,154.73
24,9,206.65
24,10,226.09
24,11,186.54
24,12,157.63
24,13,206.65
24,14,32.35
24,15,276.55
24,16,93.99
24,17,310.39
24,18,78.05
24,19,152.21
24,20,223.51
24,21,206.65
24,22,199.23
24,23,184.35
24,25,179.91
24,26,167.39
24,27,156.29
24,28,55.33
24,29,173.04
24,30,397.21
24,31,270.21
24,32,233.72
24,33,39.41
24,34,102.52
24,35,199.23
24,36,118.61
24,37,218.29
24,38,175.35
24,39,124.40
24,40,103.09
24,41,175.35
24,42,166.71
24,43,233.72
24,44,17.68
24,45,184.35
24,46,179.91
24,47,152.53
24,48,184.35
24,49,175.35
24,50,171.08
24,51,154.26
24,52,201.73
24,53,177.64
24,54,226.09
24,55,185.23
24,56,206.65
24,57,74.45
24,58,186.54
24,59,148.02
24,60,233.72
24,61,187.63
24,62,118.61
24,63,145.89
24,64,152.21
24,65,216.24
24,66,134.75
24,67,318.24
24,68,37.00
24,69,165.34
24,70,192.34
24,71,175.35
24,72,163.27
24,73,318.24
24,74,103.09
24,75,188.71
24,76,192.34
24,77,131.44
24,78,102.52
24,79,159.94
24,80,233.72
24,81,206.65
24,82,173.23
24,83,206.65
24,84,173.04
24,85,192.34
24,86,238.37
24,87,233.72
24,88,140.42
24,89,216.24
24,90,17.68
24,91,233.72
24,92,102.52
24,93,137.18
24,94,55.33
24,95,152.21
24,96,231.19
24,97,184.35
24,98,162.23
24,99,204.20
25,0,98.43
25,1,145.72
25,2,168.31
25,3,371.81
25,4,17.68
25,5,226.09
25,6,130.58
25,7,231.19
25,8,186.54
25,9,93.99
25,10,282.89
25,11,144.27
25,12,213.87
25,13,32.35
25,14,192.34
25,15,209.08
25,16,196.96
25,17,184.35
25,18,137.04
25,19,273.39
25,20,252.39
25,21,67.64
25,22,215.65
25,23,187.63
25,24,179.91
25,26,171.08
25,27,397.21
25,28,137.04
25,29,131.44
25,30,257.91
25,31,206.65
25,32,233.72
25,33,145.72
25,34,201.73
25,35,226.09
25,36,129.09
25,37,199.23
25,38,249.62
25,39,117.24
25,40,165.90
25,41,231.19
25,42,148.02
25,43,169.41
25,44,213.87
25,45,196.96
25,46,74.45
25,47,124.91
25,48,232.64
25,49,279.72
25,50,178.15
25,51,182.81
25,52,226.09
25,53,231.19
25,54,279.72
25,55,52.48
25,56,17.68
25,57,228.65
25,58,160.27
25,59,168.31
25,60,203.71
25,61,169.41
25,62,177.87
25,63,236.23
25,64,212.98
25,65,98.43
25,66,192.34
25,67,211.49
25,68,177.87
25,69,196.70
25,70,182.81
25,71,279.72
25,72,255.16
25,73,173.04
25,74,137.04
25,75,226.09
25,76,37.00
25,77,152.90
25,78,223.51
25,79,231.19
25,80,78.05
25,81,118.61
25,82,182.81
25,83,228.65
25,84,130.58
25,85,49.72
25,86,215.65
25,87,182.14
25,88,279.72
25,89,190.85
25,90,155.28
25,91,124.40
25,92,223.51
25,93,211.49
25,94,282.89
25,95,182.81
25,96,270.21
25,97,238.37
25,98,146.03
25,99,199.23
26,0,228.65
26,1,137.18
26,2,34.65
26,3,93.99
26,4,291.14
26,5,201.48
26,6,279.72
26,7,190.00
26,8,226.09
26,9,215.65
26,10,190.85
26,11,209.08
26,12,166.71
26,13,199.23
26,14,216.24
26,15,175.35
26,16,233.72
26,17,203.71
26,18,151.93
26,19,158.29
26,20,167.39
26,21,249.62
26,22,190.00
26,23,249.62
26,24,163.27
26,25,171.08
26,27,216.24
26,28,160.27
26,29,215.65
26,30,177.64
26,31,233.72
26,32,201.73
26,33,190.85
26,34,148.02
26,35,206.65
26,36,113.15
26,37,190.00
26,38,81.79
26,39,89.75
26,40,194.66
26,41,260.66
26,42,67.64
26,43,182.14
26,44,167.39
26,45,192.34
26,46,231.19
26,47,215.65
26,48,233.72
26,49,209.08
26,50,107.98
26,51,37.00
26,52,162.23
26,53,173.04
26,54,175.35
26,55,279.72
26,56,209.08
26,57,184.35
26,58,185.23
26,59,128.71
26,60,182.14
26,61,209.08
26,62,184.35
26,63,194.66
26,64,164.48
26,65,199.23
26,66,133.51
26,67,318.24
26,68,177.45
26,69,17.68
26,70,55.33
26,71,209.08
26,72,17.68
26,73,257.91
26,74,130.58
26,75,162.23
26,76,279.72
26,77,55.33
26,78,168.91
26,79,145.89
26,80,228.65
26,81,182.81
26,82,144.27
26,83,179.53
26,84,206.65
26,85,194.66
26,86,182.14
26,87,182.14
26,88,236.23
26,89,182.14
26,90,173.23
26,91,279.72
26,92,231.19
26,93,70.99
26,94,216.24
26,95,194.66
26,96,194.66
26,97,209.08
26,98,185.23
26,99,201.73
27,0,145.89
27,1,196.96
27,2,233.72
27,3,384.09
27,4,397.21
27,5,173.23
27,6,236.23
27,7,173.04
27,8,209.08
27,9,326.23
27,10,273.39
27,11,211.49
27,12,252.39
27,13,238.37
27,14,124.40
27,15,168.91
27,16,93.99
27,17,310.39
27,18,184.35
27,19,173.23
27,20,211.49
27,21,218.29
27,22,67.64
27,23,220.91
27,24,156.29
27,25,397.21
27,26,216.24
27,28,167.39
27,29,190.85
27,30,326.23
27,31,249.62
27,32,186.54
27,33,160.27
27,34,74.45
27,35,17.68
27,36,161.18
27,37,199.23
27,38,213.87
27,39,144.01
27,40,81.79
27,41,185.23
27,42,192.34
27,43,228.65
27,44,151.93
27,45,32.35
27,46,326.23
27,47,203.71
27,48,47.03
27,49,255.16
27,50,184.35
27,51,171.08
27,52,326.23
27,53,216.24
27,54,213.87
27,55,326.23
27,56,397.21
27,57,103.09
27,58,211.49
27,59,182.14
27,60,213.87
27,61,144.27
27,62,34.65
27,63,124.40
27,64,89.75
27,65,187.63
27,66,233.72
27,67,235.51
27,68,169.41
27,69,201.48
27,70,223.51
27,71,215.65
27,72,182.14
27,73,233.72
27,74,175.35
27,75,326.23
27,76,326.23
27,77,171.08
27,78,64.41
27,79,215.65
27,80,201.73
27,81,218.29
27,82,171.08
27,83,231.19
27,84,218.58
27,85,397.21
27,86,249.62
27,87,186.54
27,88,17.68
27,89,213.87
27,90,144.27
27,91,282.89
27,92,52.48
27,93,171.08
27,94,124.40
27,95,103.09
27,96,233.72
27,97,113.15
27,98,179.53
27,99,199.23
28,0,166.71
28,1,32.35
28,2,203.71
28,3,182.14
28,4,155.28
28,5,175.35
28,6,273.39
28,7,279.72
28,8,148.02
28,9,384.09
28,10,211.49
28,11,143.72
28,12,212.98
28,13,108.58
28,14,78.05
28,15,196.96
28,16,137.18
28,17,186.54
28,18,17.68
28,19,175.35
28,20,185.23
28,21,187.63
28,22,190.00
28,23,255.16
28,24,55.33
28,25,137.04
28,26,160.27
28,27,167.39
28,29,231.19
28,30,322.22
28,31,186.54
28,32,194.66
28,33,17.68
28,34,149.99
28,35,179.91
28,36,64.41
28,37,233.72
28,38,220.91
28,39,81.79
28,40,151.93
28,41,255.16
28,42,190.00
28,43,152.53
28,44,44.42
28,45,159.06
28,46,191.56
28,47,206.65
28,48,199.23
28,49,216.24
28,50,171.08
28,51,151.93
28,52,213.87
28,53,186.54
28,54,173.04
28,55,207.57
28,56,137.04
28,57,113.15
28,58,162.23
28,59,150.13
28,60,192.34
28,61,182.14
28,62,138.46
28,63,231.19
28,64,199.23
28,65,139.30
28,66,186.54
28,67,318.24
28,68,34.65
28,69,179.53
28,70,231.19
28,71,233.72
28,72,179.53
28,73,233.72
28,74,52.48
28,75,213.87
28,76,177.87
28,77,130.58
28,78,144.27
28,79,220.91
28,80,226.09
28,81,251.01
28,82,168.91
28,83,185.23
28,84,226.09
28,85,145.72
28,86,233.72
28,87,168.91
28,88,149.99
28,89,196.96
28,90,67.64
28,91,152.53
28,92,126.83
28,93,98.43
28,94,107.98
28,95,213.87
28,96,213.87
28,97,231.19
28,98,231.19
28,99,190.00
29,0,187.63
29,1,213.87
29,2,252.39
29,3,187.63
29,4,144.27
29,5,226.09
29,6,47.03
29,7,213.87
29,8,390.53
29,9,89.75
29,10,390.53
29,11,199.23
29,12,279.72
29,13,177.45
29,14,206.65
29,15,173.04
29,16,257.91
29,17,322.22
29,18,213.87
29,19,252.39
29,20,318.24
29,21,257.91
29,22,137.18
29,23,228.65
29,24,173.04
29,25,131.44
29,26,215.65
29,27,190.85
29,28,231.19
29,30,599.62
29,31,282.89
29,32,170.69
29,33,228.65
29,34,218.58
29,35,179.53
29,36,252.39
29,37,228.65
29,38,310.39
29,39,190.00
29,40,236.23
29,41,282.89
29,42,267.04
29,43,159.94
29,44,218.29
29,45,160.27
29,46,107.98
29,47,17.68
29,48,144.27
29,49,187.63
29,50,377.86
29,51,209.08
29,52,212.98
29,53,nan
29,54,nan
29,55,124.40
29,56,179.53
29,57,252.39
29,58,185.23
29,59,nan
29,60,201.73
29,61,37.00
29,62,203.71
29,63,61.28
29,64,118.61
29,65,148.02
29,66,226.09
29,67,168.31
29,68,185.23
29,69,226.09
29,70,306.50
29,71,201.73
29,72,318.24
29,73,196.96
29,74,252.39
29,75,170.69
29,76,144.27
29,77,228.65
29,78,218.58
29,79,204.20
29,80,216.24
29,81,64.41
29,82,209.08
29,83,nan
29,84,32.35
29,85,154.26
29,86,209.08
29,87,155.28
29,88,218.58
29,89,159.94
29,90,185.23
29,91,310.39
29,92,218.58
29,93,179.91
29,94,233.72
29,95,89.75
29,96,228.65
29,97,78.05
29,98,17.68
29,99,279.72
30,0,203.71
30,1,226.09
30,2,186.54
30,3,314.30
30,4,211.49
30,5,223.51
30,6,397.21
30,7,61.28
30,8,17.68
30,9,318.24
30,10,282.89
30,11,169.41
30,12,17.68
30,13,203.71
30,14,228.65
30,15,223.51
30,16,220.91
30,17,252.39
30,18,282.89
30,19,244.02
30,20,223.51
30,21,236.23
30,22,241.20
30,23,190.00
30,24,397.21
30,25,257.91
30,26,177.64
30,27,326.23
30,28,nan
30,29,599.62
30,31,231.19
30,32,47.03
30,33,194.66
30,34,177.64
30,35,209.08
30,36,156.91
30,37,236.23
30,38,182.14
30,39,164.48
30,40,156.91
30,41,98.43
30,42,196.96
30,43,103.09
30,44,326.23
30,45,206.65
30,46,279.72
30,47,nan
30,48,210.29
30,49,397.21
30,50,199.23
30,51,667.09
30,52,326.23
30,53,326.23
30,54,223.51
30,55,322.22
30,56,257.91
30,57,211.49
30,58,130.58
30,59,279.72
30,60,81.79
30,61,201.73
30,62,249.62
30,63,218.29
30,64,180.35
30,65,201.48
30,66,249.62
30,67,78.05
30,68,397.21
30,69,231.19
30,70,211.49
30,71,130.58
30,72,246.83
30,73,223.51
30,74,179.91
30,75,397.21
30,76,255.16
30,77,667.09
30,78,166.71
30,79,34.65
30,80,236.23
30,81,397.21
30,82,204.20
30,83,226.09
30,84,397.21
30,85,218.58
30,86,190.85
30,87,67.64
30,88,286.06
30,89,85.69
30,90,nan
30,91,158.29
30,92,166.71
30,93,209.08
30,94,228.65
30,95,168.31
30,96,206.65
30,97,249.62
30,98,273.39
30,99,32.35
31,0,187.63
31,1,199.23
31,2,186.54
31,3,169.41
31,4,226.09
31,5,37.00
31,6,206.65
31,7,186.54
31,8,199.23
31,9,246.83
31,10,39.41
31,11,159.06
31,12,199.23
31,13,145.72
31,14,223.51
31,15,47.03
31,16,231.19
31,17,17.68
31,18,165.34
31,19,118.61
31,20,103.09
31,21,220.91
31,22,206.65
31,23,204.20
31,24,270.21
31,25,206.65
31,26,199.23
31,27,218.29
31,28,186.54
31,29,282.89
31,30,231.19
31,32,231.19
31,33,199.23
31,34,231.19
31,35,273.39
31,36,186.54
31,37,255.16
31,38,169.41
31,39,236.23
31,40,231.19
31,41,231.19
31,42,165.34
31,43,179.91
31,44,194.66
31,45,139.30
31,46,273.39
31,47,322.22
31,48,223.51
31,49,231.19
31,50,175.35
31,51,165.34
31,52,231.19
31,53,231.19
31,54,58.26
31,55,226.09
31,56,187.63
31,57,231.19
31,58,168.91
31,59,144.27
31,60,241.20
31,61,206.65
31,62,168.31
31,63,206.65
31,64,220.91
31,65,223.51
31,66,17.68
31,67,186.54
31,68,199.23
31,69,186.54
31,70,186.54
31,71,192.34
31,72,166.71
31,73,67.64
31,74,199.23
31,75,216.24
31,76,192.34
31,77,216.24
31,78,213.87
31,79,150.13
31,80,241.20
31,81,246.83
31,82,144.27
31,83,78.05
31,84,223.51
31,85,204.20
31,86,199.23
31,87,231.19
31,88,210.29
31,89,397.21
31,90,136.16
31,91,282.89
31,92,279.72
31,93,201.48
31,94,252.39
31,95,235.51
31,96,276.55
31,97,206.65
31,98,282.89
31,99,252.39
32,0,144.27
32,1,231.19
32,2,279.72
32,3,384.09
32,4,196.96
32,5,223.51
32,6,231.19
32,7,118.61
32,8,37.00
32,9,216.24
32,10,194.66
32,11,113.15
32,12,61.28
32,13,218.58
32,14,211.49
32,15,223.51
32,16,196.96
32,17,199.23
32,18,231.19
32,19,231.19
32,20,168.91
32,21,190.85
32,22,244.02
32,23,159.94
32,24,233.72
32,25,233.72
32,26,201.73
32,27,186.54
32,28,162.23
32,29,170.69
32,30,47.03
32,31,231.19
32,33,152.53
32,34,185.23
32,35,213.87
32,36,326.23
32,37,252.39
32,38,177.64
32,39,276.55
32,40,196.96
